46,6
46,5
46,4
46,3
46,2
46,1
46,0
45,3
45,2
45,1
45,0
44,6
44,5
44,4
44,3
44,2
44,1
44,0
43,3
43,2
43,1
43,0
42,6
42,5
42,4
42,3
42,2
42,1
42,0
41,3
41,2
41,1
41,0
40,6
40,5
40,4
40,3
40,2
0,464
40,1
40,0
0,463
0,462
39,3
39,2
0,461
39,1
39,0
0,460
0,459
0,458
0,457
38,6
38,5
38,4
38,3
38,2
38,1
38,0
37,3
37,2
0,456
37,1
37,0
36,6
36,5
36,4
36,3
36,2
36,1
36,0
35,3
35,2
35,1
35,0
0,455
0,454
0,453
0,452
0,451
0,450
0,449
0,448
0,447
0,446
0,445
0,444
0,443
0,442
0,441
0,440
0,439
0,438
0,437
0,436
0,435
0,434
0,433
0,432
0,431
0,430
0,429
0,428
0,427
0,426
0,425
0,424
0,423
0,422
0,421
0,420
0,419
0,418
0,417
0,416
0,415
0,414
0,413
34,6
34,5
34,4
34,3
34,2
0,412
34,1
34,0
0,411
0,410
33,3
33,2
0,409
33,1
33,0
32,6
32,5
32,4
32,3
32,2
0,408
32,1
32,0
0,407
0,406
31,3
31,2
0,405
31,1
31,0
0,404
0,403
0,402
0,401
0,400
0,399
0,398
0,397
0,396
0,395
0,394
0,393
0,392
